#turbo
______________________________________________
#shell outline
bezier
113 128 24 379 318 371 318 208
bezier
113 128 179 84 216 233 318 208
#curves and stuff
bezier
113 128 110 330 262 283 256 200
bezier
150 187 118 290 288 249 160 138
bezier
150 187 173 160 205 220 157 218
bezier
200 325 210 350 245 345 230 320
bezier
180 325 210 350 245 345 230 320
______________________________________________
#body outline
bezier
318 208 373 230 346 288 396 299
bezier
400 300 406 280 420 280 430 290
bezier
260 120 335 200 460 200 435 290
bezier
50 150 110 70 190 80 260 120
bezier
50 150 60 140 100 130 113 128
______________________________________________
#face: eyes and smile
circle
400 320 0 20
circle
400 320 0 10
circle
440 310 0 20
circle
440 310 0 10
bezier
380 280 390 260 420 250 425 250
bezier
380 280 375 240 400 220 425 250
______________________________________________
#spoiler
line
120 290 0 15 315 0
line
15 315 0 35 335 0
line
35 335 0 45 305 0
line
140 308 0 35 335 0
______________________________________________
#zoom zoom and track
line
10 200 0 80 200 0
line
10 225 0 80 225 0
line
10 175 0 80 175 0
bezier
0 100 160 50 340 50 500 100
bezier
0 400 160 350 340 350 500 400
_______________________________________________
#turbo letters
#T
bezier
50 470 70 475 80 473 100 475
bezier
75 474 73 460 77 450 73 430
#U
bezier
130 475 150 410 200 400 210 470
#R
bezier
220 470 225 460 223 445 228 400
bezier
220 470 270 475 320 440 225 435
line
225 435 0 280 400 0
#B
bezier
300 470 305 460 303 445 308 400
bezier
300 470 350 475 400 440 305 435
bezier
300 435 350 440 400 405 305 400
#O
circle
410 440 0 30
______________________________________________________
display
save
face.png
